new Berlin.json dataset
 {
    {
        ./routeplanner aco --data "berlin.json" --progress --colonies 100
        53.320s
        ( 29676, 59 )
        [0, 1, 2, 5, 17, 28, 33, 31, 19, 15, 14, 16, 18, 10, 13, 20, 27, 29, 26, 34, 42, 43, 36, 38, 32, 24, 25, 21, 23, 35, 37, 46, 47, 58, 61, 64, 62, 75, 78, 81, 85, 94, 92, 97, 108, 115, 127, 133, 142, 138, 160, 143, 146, 144, 149, 145, 135, 119, 98, 0]
    }

    {
        ./routeplanner aco --data "berlin.json" --evaporation 0.4745167804981315 --iterations 55 --ants 409 --colonies 100 --alpha 0.3138455730918792 --beta 10.426963486712044

        144.615s
        ( 29522, 64 )
        [0, 1, 2, 5, 17, 18, 16, 14, 15, 19, 10, 13, 20, 27, 29, 26, 21, 23, 24, 25, 32, 36, 38, 47, 58, 61, 64, 62, 75, 81, 85, 94, 100, 107, 123, 129, 131, 127, 133, 142, 138, 115, 108, 97, 92, 78, 73, 69, 53, 43, 42, 34, 31, 33, 28, 22, 11, 12, 8, 7, 3, 4, 9, 6, 0]
        }
}

hamburg.json dataset
{
    {
        ./routeplanner aco --data "hamburg.json" --progress --colonies 100
        31.880s
        ( 29047, 38 )
        [0, 1, 3, 4, 8, 10, 7, 9, 6, 26, 37, 23, 27, 29, 31, 32, 25, 21, 24, 28, 34, 42, 36, 41, 44, 45, 35, 33, 22, 19, 17, 13, 18, 14, 12, 11, 2, 5, 0]
    }
    {
        ./routeplanner aco --data "hamburg.json" --evaporation 0.4745167804981315 --iterations 55 --ants 409 --colonies 100 --alpha 0.3138455730918792 --beta 10.426963486712044
78.680s
        ( 29875, 40 )
        [0, 1, 3, 4, 8, 10, 7, 9, 6, 37, 26, 23, 29, 27, 32, 31, 25, 21, 24, 28, 34, 36, 41, 42, 44, 35, 45, 49, 50, 54, 33, 22, 19, 17, 13, 18, 14, 12, 11, 2, 0]
    }
}

munchen.json dataset
{
    {
        ./routeplanner aco --data "munchen.json" --progress --colonies 100
        35.598s
        ( 29544, 69 )
        [0, 1, 2, 3, 7, 9, 8, 15, 26, 29, 18, 27, 34, 33, 39, 65, 80, 84, 94, 91, 102, 107, 105, 110, 108, 103, 97, 95, 90, 72, 67, 63, 62, 54, 50, 49, 48, 52, 59, 57, 56, 58, 64, 55, 47, 43, 51, 69, 75, 77, 81, 83, 87, 88, 86, 79, 78, 76, 70, 44, 46, 40, 41, 30, 31, 21, 22, 14, 13, 0]
    }
    { 
        ( 29773, 70 )
        [0, 1, 2, 3, 7, 9, 8, 15, 26, 29, 18, 27, 34, 33, 39, 65, 80, 84, 94, 91, 102, 107, 105, 110, 108, 103, 97, 95, 90, 72, 67, 63, 62, 54, 50, 52, 49, 48, 55, 47, 43, 51, 69, 75, 77, 81, 83, 93, 92, 87, 88, 86, 79, 78, 76, 70, 64, 58, 57, 59, 56, 44, 46, 40, 41, 31, 22, 21, 14, 13, 0]
    }
    
}
